1.989466355556921209e-02 1.981243239869210915e-01
2.840251198887902562e-02 6.614428524975661527e-02
4.349916326787286319e-02 4.879888252899175320e-03
6.589280814697139055e-02 1.984898267471304554e-05
1.848385835188085663e-02 2.318379513079498744e-01
1.274185727441857867e-02 4.098392495370540844e-01
-1.832931503764283210e-02 2.357647532389090250e-01
6.763261535468192368e-04 9.651078534704496947e-01
-3.045777874524038462e-02 4.878502313758670272e-02
-2.900714279045974939e-02 6.057618629714716513e-02
-2.189655710546692738e-02 1.566470938612141983e-01
-6.024799410217424739e-02 9.604086877427492764e-05
2.746648933821057778e-02 7.559008747284919061e-02
-1.979588329286037680e-03 8.981174270861029818e-01
2.272981641831730779e-02 1.414658881875960894e-01
1.714713834522412633e-02 2.673619704476210557e-01
-6.054035181519155234e-02 8.879031149591059006e-05
-3.208287338980517905e-02 3.792596718836131753e-02
-1.694957781980644534e-02 2.729137659194722509e-01
-2.035192057810852537e-02 1.880068845524485999e-01
-2.225901694040662362e-02 1.498981857958429920e-01
6.588802845684030123e-03 6.699852345059150727e-01
5.294622081193851165e-02 6.103692848134033679e-04
2.635521138273612049e-02 8.820361594794644267e-02
6.842445068639634032e-02 9.384684055060583591e-06
6.453139307463744145e-02 2.937676690114348547e-05
2.345553270321854705e-02 1.291878907832517132e-01
1.085467628766661682e-02 4.826162126691360132e-01
-2.062993922073260225e-02 1.820445997075761657e-01
3.143841183713218246e-02 4.195778352010878787e-02
2.696462187444792144e-02 8.109138555091539857e-02
-9.533888581446799473e-03 5.374552150580744758e-01
2.079563514527646081e-02 1.785584744555117620e-01
-3.482641552504103788e-02 2.424304979682275277e-02
-7.954997608149043387e-03 6.068764309001055679e-01
9.618329773762420570e-03 5.338578476569537656e-01
-1.675679698451983807e-02 2.784067374749965573e-01
1.335923391634883349e-02 3.875255095020541107e-01
-2.639982182395946789e-03 8.644169671179831038e-01
-5.705356786457385296e-03 7.121088106383921534e-01
4.776503670985545423e-03 7.573626559571229322e-01
2.812847642136418087e-03 8.556335062258721980e-01
-2.701321539078049144e-03 8.612982794565008371e-01
-2.372399196558047652e-02 1.248616286076820597e-01
2.253384912294331688e-02 1.449304157442867780e-01
2.921346608111773102e-02 5.876735095386708546e-02
3.051274518174772535e-02 4.837908216148501667e-02
-6.838302670526037741e-02 9.502412573442877572e-06
-5.265147325385568372e-02 6.547445797115836056e-04
-4.382736865687320710e-02 4.566583893606918423e-03
-2.784647470363087532e-02 7.163059797890475311e-02
-1.227265102655158806e-02 4.272974699003544430e-01
-2.643646611496435969e-02 8.722722807309872539e-02
2.996626727676171900e-02 5.254361043228091693e-02
1.828390798139763879e-02 2.369273943845850716e-01
-3.665385038515459049e-02 1.771282283538705427e-02
-1.931552443468754349e-02 2.115026066599747789e-01
-2.962929912252107792e-02 5.525783738841618525e-02
-2.738284476091680172e-02 7.648522821349476586e-02
-3.177617660639466685e-02 3.980164059692689604e-02
-1.108728787404550040e-02 4.732830171048216794e-01
-2.230761045673919710e-02 1.490105022942291857e-01
3.655108704733652653e-02 1.803426622742059990e-02
-9.059902643448735152e-03 5.578712391301471341e-01
2.039015809915710811e-02 1.871784182571390176e-01
-2.143531700781838717e-02 1.655652292794947411e-01
1.811263575170085974e-02 2.413492319858147328e-01
-2.273300287840469142e-02 1.414100846896164387e-01
-3.453007473691452334e-02 2.547841616211170973e-02
-3.712066678795605118e-02 1.631499202967336137e-02
1.105860973325906334e-02 4.744282941867795644e-01
1.218980306427965704e-02 4.304244531534945351e-01
1.313857155529763246e-02 3.954144671047280513e-01
-3.233460373670835660e-03 8.343383997292168619e-01
-1.079333693098451577e-02 4.850939168211099162e-01
1.976800176709578305e-02 2.009960506488776000e-01
1.892677630402694877e-02 2.208416409847490658e-01
4.511390191715367037e-02 3.506465733010393111e-03
-2.183203128869744269e-02 1.578723319875525444e-01
2.838896953350765473e-02 6.627367107556803028e-02
2.370965289518725885e-02 1.250898134088018476e-01
5.497918234768819912e-02 3.726322331282715897e-04
1.764502273387755617e-03 9.091362760699140955e-01
-2.790223775516005936e-02 7.106409802962471156e-02
2.284930867159412973e-02 1.393848081454187038e-01
4.569543088310087930e-02 3.105229343985124821e-03
5.842374570214808535e-03 7.055138678995873658e-01
1.495883688021457103e-02 3.332484596680868050e-01
-4.724405048556850478e-02 2.232277441697955948e-03
-2.993519929090974335e-02 5.278910452263580605e-02
2.253623896800885460e-03 8.841072718582505541e-01
8.635306836805088475e-04 9.554587860754359951e-01
-6.712278174070081607e-03 6.641759466278835955e-01
-4.232574934069446154e-02 6.165337058774794828e-03
-1.820026340410386273e-02 2.390796934576468191e-01
-1.354245537137329421e-03 9.302004706507073228e-01
-7.916839748602644278e-02 2.918094314720144743e-07
-3.137308940534085100e-02 4.238598031412894179e-02
-4.050389078573383983e-02 8.770663184898060127e-03
-4.420018448709689407e-02 4.232872165843678570e-03
-3.035979509755339090e-02 4.951574687440662981e-02
1.169988482584468151e-02 4.491851307501474322e-01
1.061330193604743607e-02 4.924057392815764933e-01
-1.735346163588211144e-02 2.616473160829713707e-01
5.567781372184669314e-02 3.133139908908458976e-04
-1.225034580593991479e-02 4.281380459830262941e-01
9.224801952970751060e-04 9.524216397321065841e-01
3.715412461887355154e-03 8.100871221352681228e-01
-3.103851109616575024e-02 4.463754211081830126e-02
1.490307382868538873e-02 3.350539113652356571e-01
-3.533784236906584077e-03 8.192063982392886468e-01
1.100977723241993445e-01 9.141876835444443667e-13
1.660623674539104047e-02 2.827486685721807280e-01
-1.806802531047750973e-02 2.425104394811808672e-01
1.765059903903047622e-02 2.535665341725815702e-01
5.443270444270219624e-03 7.247833361065039171e-01
3.691593672734175963e-02 1.691564097955530754e-02
5.540776122944106319e-02 3.351098611615334062e-04
3.931295132807482474e-03 7.992815057801493372e-01
1.584228293944121846e-02 3.054845277509446455e-01
-1.645806635132778277e-03 9.152246774628568504e-01
2.615924408736212958e-02 9.059469582154726364e-02
5.685043103400325148e-02 2.331780138765354011e-04
8.197168574790070260e-04 9.577165459162590988e-01
-7.403182382516673710e-02 1.627092278127335520e-06
3.304359110615084135e-03 8.307603680624100484e-01
-3.427834439001134752e-03 8.245373717038783079e-01
1.052830311321652224e-01 8.569374404304368393e-12
4.425196446351685464e-02 4.188314692804730524e-03
6.298118024212613630e-02 4.548926722773950022e-05
1.943501668796436890e-02 2.086901819807628344e-01
3.097796835450549249e-02 4.505556047964687227e-02
-1.592114782660392081e-02 3.030828581622205253e-01
1.470551330326770774e-03 9.242232578218378958e-01
2.230123753656443331e-02 1.491266907335588587e-01
-8.869511653227662995e-03 5.661768286231122493e-01
-1.889570831817497312e-02 2.216005558914254658e-01
-2.730557310379778946e-02 7.731982798994252448e-02
1.098293130618374289e-02 4.774578468031377421e-01
-5.599406988551934236e-03 7.172232178252205825e-01
-2.545184994796334099e-03 8.692408957160917549e-01
-2.508142396280518827e-02 1.046917831867658077e-01
-2.498344031511819108e-02 1.060552488834569373e-01
1.922311709215347025e-02 2.136962545208962727e-01
-3.409830939507427217e-02 2.737563244146377223e-02
-1.598009733822048761e-03 9.176778079884917450e-01
5.136255014850967665e-02 8.863346980072379618e-04
4.602602611716676007e-02 2.896243117663519721e-03
4.014143095079413491e-03 7.951447589509978986e-01
1.329550471460119515e-03 9.314701231255387848e-01
1.692249290906370010e-02 2.736809993624965687e-01
-1.488714152824847925e-02 3.355709095360708272e-01
5.890649440538645726e-02 1.370777194792112505e-04
1.330506409486333780e-02 3.894532114816873225e-01
-6.651735432409824943e-04 9.656828667891568241e-01
-3.872823590204024780e-02 1.221464980532943438e-02
2.555620651582509936e-02 9.828101807028820358e-02
-4.609373839402362838e-02 2.855055454165142132e-03
-2.084661850667457461e-02 1.774958737801774211e-01
-2.510611902848240012e-02 1.043503499720642158e-01
2.193718447158104698e-02 1.558793539412450802e-01
-7.437197843949475834e-03 6.304848914851262087e-01
3.251224888657990031e-02 3.542665204657810540e-02
6.010380678322022052e-02 9.981919524991995202e-05
8.471363465309288132e-02 4.038832839215584249e-08
-8.114320612518139894e-03 5.996925117166118646e-01
-2.644044919007359010e-02 8.717959100762188995e-02
-2.658702635409316076e-02 8.544109585414717822e-02
2.602461614867024320e-02 9.226735005241942789e-02
-7.599707308405954020e-04 9.607958523399626749e-01
-4.027685550450786113e-03 7.944691037289458579e-01
-2.793410235603387831e-02 7.074203573575324477e-02
4.694293000731091653e-02 2.381993256781714599e-03
-1.453822414868015389e-03 9.250827386290676468e-01
5.269608369507901985e-02 6.478410486452004097e-04
6.541324590382040227e-02 2.280801641291983355e-05
6.133059391686226935e-02 7.169195778006545153e-05
3.615038969134824060e-02 1.933693332025514938e-02
2.936960262539944910e-02 5.742850029827464842e-02
1.868619856742961133e-02 2.267671655797776353e-01
-5.678271875714638317e-03 7.134150327422107418e-01
-2.871956476757353202e-02 6.317410670075895851e-02
-8.946783310346675261e-03 5.627987956770604816e-01
2.693435050361779257e-02 8.143333768614863244e-02
1.097735500103082283e-03 9.433965350768248603e-01
-5.116737946815753252e-02 9.273940095417443526e-04
1.315370724071269516e-02 3.948702677096016522e-01
-4.908821426114080844e-02 1.488378174058638866e-03
-7.292213909973596989e-03 6.371648289308209367e-01
-2.510771225852608673e-02 1.043283524174749566e-01
2.060524415505539039e-02 1.825684584358478468e-01
1.204402251528193316e-02 4.359588568096759431e-01
-1.229734609222879818e-02 4.263679541149815178e-01
1.679344127552473073e-02 2.773568710568554141e-01
4.240859730296639429e-02 6.065453501081865401e-03
1.758447999221729799e-02 2.553494706250365454e-01
2.931224634382657152e-02 5.791734667697749639e-02
-1.673927145403923678e-02 2.789098019492073366e-01
-4.220466385737395125e-03 7.848678945799596463e-01
1.626847197612855608e-02 2.926554631963834696e-01
-5.610559598857770870e-03 7.166842572574760872e-01
-3.817379184683578064e-02 1.351204569393270848e-02
-7.154558834198695982e-02 3.595246779408535715e-06
-4.283717618471926530e-02 5.571643579981262924e-03
-1.945333883346681654e-03 8.998710226649890842e-01
-3.110701998804445839e-02 4.416847041604748947e-02
-2.873071737787936605e-02 6.307166773287281591e-02
2.210367701114675579e-02 1.527629177580198949e-01
-7.159179201325399818e-03 6.433202758387672748e-01
-4.219430786208996226e-02 6.326846765152807119e-03
-3.964832625227178442e-02 1.030385907246963995e-02
-3.892181335234869144e-02 1.178838619671821776e-02
-5.470594339519519594e-02 3.985665471295983466e-04
-5.888418918477477532e-02 1.378825716766147980e-04
-2.070004134265500395e-02 1.805635905964342869e-01
-5.122234590466487152e-03 7.404116884692165668e-01
6.221563320613261033e-03 6.873790035479617755e-01
-5.971426203753777036e-03 6.993225010129032748e-01
-4.801756367178047769e-02 1.886338072718021482e-03
-1.107294880365228273e-02 4.738554655064084464e-01
-1.628759073665284746e-02 2.920885558984431252e-01
1.504407468755203890e-02 3.305008513087170918e-01
6.993801922790277015e-02 5.922531234745155270e-06
-3.632006869100133650e-02 1.877559628344097065e-02
1.415584893819431993e-03 9.270475928632855300e-01
-7.204586257570593129e-03 6.412165353083962849e-01
1.559055259253804351e-02 3.132346688079636898e-01
-5.514965796236313139e-03 7.213084699716416637e-01
1.192373364698326270e-02 4.405562210663458433e-01
-1.434783315845908173e-02 3.533736706931113192e-01
-5.143424550047577537e-02 8.716795468821130410e-04
2.159623324223117896e-02 1.624115004468025814e-01
-2.455804789345270023e-02 1.121386056721553476e-01
4.312077113249626614e-02 5.265133288432863497e-03
2.215067729743563571e-02 1.518917930370879410e-01
-2.231079691682658073e-02 1.489524339852622004e-01
1.426896827129638112e-02 3.560261800340873695e-01
3.617110168191622899e-02 1.926763686644707846e-02
-4.109736897700872610e-02 7.830308055103716094e-03
-1.139796773256524128e-02 4.609738040228248401e-01
-1.126732286898258183e-02 4.661280686190009126e-01
-1.052009797849151433e-02 4.962141445883977431e-01
7.461892909626685957e-03 6.293500832192087113e-01
-1.653613462346863530e-02 2.847858803259394889e-01
-3.566843760313171546e-02 2.101203334355516289e-02
-3.286275949619191922e-02 3.349186135290506405e-02
-5.865556067350512909e-02 1.463928955674512157e-04
4.895199309240523197e-03 7.515294550409985508e-01
-3.365061175279709937e-02 2.947031018563792126e-02
-3.653276490183408193e-02 1.809211123503065913e-02
-1.959593292237715723e-02 2.049457315921289213e-01
-6.248648231356007145e-03 6.860903610300222999e-01
9.247903788604270453e-03 5.497284831621345180e-01
2.088246618265762050e-02 1.767515561064066931e-01
-6.500378578259181223e-03 6.741576182619316571e-01
2.494360956402591825e-02 1.066135115578719650e-01
-5.150116116231080038e-03 7.390500246062139400e-01
7.954200993127196612e-03 6.069124468926576643e-01
2.137796072624550958e-02 1.667003963149191470e-01
-3.281655582492487566e-02 3.374161613869861714e-02
9.298090534980534005e-03 5.475647259100455688e-01
6.414742463410792739e-02 3.276686522946908306e-05
-5.596220528464552341e-03 7.173772324264094946e-01
4.043538189385512127e-02 8.885464083771719632e-03
3.041794799414810832e-02 4.908096625697581927e-02
-3.336940665008564233e-02 3.085530157276968749e-02
-2.659499250431161810e-02 8.534742090556454719e-02
8.351711889028095442e-03 5.890604971872177575e-01
1.326921641888029364e-02 3.907320971658584385e-01
-1.252199152838922441e-02 4.179666515546078820e-01
-7.799657678889172947e-03 6.139175170945506688e-01
1.259846657048639164e-02 4.151290238682147082e-01
-3.187893994421274468e-02 3.916458807139466120e-02
3.889552505662779297e-02 1.184548902999359166e-02
-4.807571656837519337e-03 7.558344944679601385e-01
5.427338143833308412e-03 7.255563016975761226e-01
-2.631299078657831081e-02 8.871442162210847748e-02
5.732919666213238258e-02 2.063575875442642750e-04
-1.269167052804231338e-02 4.116860973043255933e-01
-6.062240316244162791e-02 8.685025030893950672e-05
7.382231407442136836e-03 6.330138822656282693e-01
8.125473222823976528e-04 9.580860302940163997e-01
-1.214837908314369110e-03 9.373700983439358092e-01
2.395979001204674025e-02 1.211556141103243972e-01
9.839788749835466641e-03 5.244813604596738621e-01
-1.631865872250481964e-02 2.911689054713303970e-01
-2.220484711892112967e-02 1.508924811038954705e-01
-4.971196382324583052e-02 1.293769933156029180e-03
-7.357775326271480398e-02 1.884160230089440795e-06
9.729855876820788646e-03 5.291253142857015312e-01
4.662667384363825690e-02 2.549081418303298600e-03
5.804694679681517838e-02 1.715207122632778016e-04
4.398430181617676848e-02 4.423310718700244025e-03
-2.160738585253701299e-02 1.621946157539586597e-01
-1.193169979720171657e-02 4.402509032938346500e-01
-2.881993826032605913e-02 6.225708746152551487e-02
1.449600355252234421e-02 3.484240467484879256e-01
1.720449462679700045e-02 2.657648001798718629e-01
2.657985681889655366e-02 8.552547432824449125e-02
-2.031208982701624907e-02 1.888727432578879706e-01
1.251482199319261558e-03 9.354849947417330780e-01
3.542785986653438496e-02 2.189451697126038043e-02
2.691443512807165789e-02 8.165894345264074206e-02
-3.679405462899940082e-02 1.728236522808268213e-02
6.793532906298320809e-03 6.603640081273243201e-01
-9.150716755939120040e-03 5.539305569300679855e-01
-2.360927940243472481e-02 1.266962173944679582e-01
1.201773421956103122e-02 4.369612109597930116e-01
3.134680110961994733e-03 8.393292286210846109e-01
-8.029082805180673757e-03 6.035311252461963427e-01
3.074854322821398908e-02 4.666969309053500825e-02
1.775176914680485357e-02 2.508552312513828153e-01
7.336187059179467840e-02 2.019654331379219559e-06
1.907574331311205282e-02 2.172286190158461416e-01
8.422610625972343917e-03 5.859021095644246779e-01
9.350667126422337883e-03 5.453024577701846010e-01
1.776451498715438115e-02 2.505150899342274973e-01
2.106489102266023705e-02 1.729997962671600553e-01
4.641875732293658172e-03 7.639955798086166538e-01
-7.297790215126515739e-03 6.369073579624755510e-01
-3.680361400926154131e-02 1.725335269175670358e-02
7.738318322207071026e-03 6.167077236842712917e-01
-1.559134920755989029e-02 3.132099407317376905e-01
-1.313299525014471197e-02 3.956150757780551031e-01
2.168465750965602526e-02 1.606979120436254072e-01
-2.010417330631457736e-02 1.934402797788425665e-01
1.173413927178403732e-02 4.478585142639547323e-01
3.637901820261790070e-02 1.858394036090291190e-02
1.309953741922720294e-02 3.968200182012636690e-01
-5.218863992616344649e-02 7.305168269808041048e-04
-1.374718543198758317e-02 3.738903816216579967e-01
-3.504787450111408742e-02 2.335405551387353604e-02
-1.650188017752928296e-02 2.857849373467141740e-01
2.445209809554724917e-02 1.136957502122643709e-01
-2.779071165210169475e-02 7.220079152132179157e-02
9.798364768699504169e-04 9.494672409164499616e-01
2.367539844924789957e-02 1.256362369438837057e-01
9.535481811490490204e-04 9.508212566336207150e-01
1.498671840597916478e-02 3.323480919490267027e-01
-4.729901692207584551e-02 2.205897209771872248e-03
-6.978905221881764875e-02 6.199592127909198213e-06
-1.792543122156716948e-02 2.462484779288562353e-01
-6.846109497740123818e-03 6.579021383526790778e-01
-8.070506786316638398e-03 6.016642512732086612e-01
1.043406355613220142e-02 4.997434880222630937e-01
4.438818563225243458e-02 4.073118369622131217e-03
-4.407989561879822882e-02 4.338046063845329980e-03
-7.601300538449646052e-03 6.229603691159044665e-01
1.227822733170450507e-02 4.270874761487853943e-01
-1.826797568096072757e-02 2.373362970966657326e-01
-5.952387104731670514e-02 1.164794541898512095e-04
-3.046574489545884196e-02 4.872601457773784173e-02
3.711031079267205351e-02 1.634491909676537638e-02
2.863432696023606588e-02 6.396158141550312148e-02
3.157303977582406190e-02 4.108681533733701124e-02
2.362043201274056578e-02 1.265169392031612050e-01
2.393907802147875880e-02 1.214776564611756149e-01
4.085440139534584486e-02 8.203787295768042581e-03
-2.467992999179506250e-02 1.103681531034547691e-01
1.775654883693592728e-02 2.507276405148502474e-01
1.371771067617930280e-03 9.292995344891910037e-01
-3.567321729326279611e-02 2.099481910221280209e-02
3.545414816225529037e-02 2.179654294246306800e-02
-1.078537078076606190e-02 4.854162010738557465e-01
-3.686336013589995575e-02 1.707299000174763298e-02
3.305076064134745278e-02 3.249185615061325055e-02
-5.970310942723193459e-02 1.110692297881072602e-04
-1.922471032219716033e-02 2.136582945034607717e-01
3.472444880224481722e-03 8.222917499364511551e-01
-3.894969487811329040e-02 1.172808940217670570e-02
-5.262438834311293154e-03 7.335727847027337933e-01
-3.908989912195809206e-03 8.003962133174438165e-01
-4.510274930684783634e-02 3.514601860206898777e-03
-1.420205260946135611e-02 3.582866086859992638e-01
4.211783281999278983e-02 6.422558206188717228e-03
1.076943848032915069e-02 4.860611170367014067e-01
2.640778797417792437e-02 8.757083513717310586e-02
-7.070754933900550918e-03 6.474252343380365593e-01
-7.447792823740019552e-02 1.407557306211585449e-06
-3.454202396224220067e-02 2.542756912883963744e-02
-9.195327197162466576e-03 5.519997854892106925e-01
-1.865672381162132749e-03 9.039510274121647093e-01
1.913389620970677718e-02 2.158297849755865250e-01
3.382188398249388189e-02 2.865322811635362746e-02
4.866521168454086138e-02 1.635327085255268344e-03
3.968736038834221047e-02 1.022902752854750949e-02
-1.336481022150175051e-02 3.873274002364315294e-01
-7.449147069277156641e-03 6.299356816872075937e-01
-2.136123181078675853e-02 1.670325858583659173e-01
-5.822459194668670387e-03 7.064710766285926535e-01
-1.346837017434166471e-02 3.836594563857285145e-01
-1.965886550910295183e-02 2.034946800745480178e-01
-1.885030126192977981e-02 2.227130964583839412e-01
9.772873088000445102e-03 5.273056274104925834e-01
-1.734947856077288103e-02 2.617568325644115679e-01
1.257775457991841019e-02 4.158964221523556715e-01
2.757562559620340553e-02 7.443501240635415350e-02
-3.764643270237406913e-02 1.485750103841953704e-02
-1.947325420901295165e-02 2.077959537113508171e-01
1.557223044703559718e-02 3.138037691400247242e-01
8.125473222823978426e-05 9.958066934296332384e-01
-5.249692993961765572e-03 7.341936400393374029e-01
-2.160579262249332291e-02 1.622255858976269782e-01
-2.967629940880996478e-02 5.487238639484808694e-02
1.890287785337158022e-02 2.214252561045151613e-01
-3.686654659598732897e-02 1.706341728111675227e-02
-7.030924182808276357e-03 6.492778321735018787e-01
3.615437276645747100e-02 1.932359019615721707e-02
-1.477322558012457432e-02 3.392823962351226852e-01
-5.311828965665713401e-03 7.311686183866792366e-01
6.227856579285840494e-02 5.528283226226746828e-05
-4.454830525164337612e-02 3.941392204086347807e-03
5.837594880083735692e-03 7.057435555768059032e-01
-5.094114080195341621e-02 9.771909837400067321e-04
-4.679316638320395877e-03 7.621491585398523227e-01
-1.575704513210375059e-03 9.188228718469626521e-01
-5.592237453355325405e-03 7.175697668297966736e-01
-4.698594721849056605e-02 2.360057069275351988e-03
-4.497369767330886697e-02 3.610005414337338642e-03
-6.115613522707810841e-03 6.924285664580804855e-01
-1.053682689395026885e-02 4.955294300946102570e-01
2.374390734112661466e-02 1.245452436693760406e-01
-2.932021249404502886e-02 5.784924530866192294e-02
1.644532051097825215e-02 2.874397201398887214e-01
1.502176946694036737e-02 3.312184319133500976e-01
2.088326279767946728e-02 1.767350421619314771e-01
-1.936093149093274027e-02 2.104306759072411548e-01
-2.997980973213309336e-02 5.243689915663596324e-02
-2.601664999845179280e-02 9.236709554746516670e-02
1.190939457659004330e-02 4.411060987699360059e-01
-1.363406609888552674e-02 3.778351424172782247e-01
8.814545216720322263e-03 5.685856647141283027e-01
-2.574659750604617065e-03 8.677404888088436907e-01
-1.671377977334018161e-02 2.796426348604025280e-01
1.115261030583683142e-03 9.424944047873189401e-01
-3.738673620525243685e-02 1.556242383575881863e-02
-1.866389334681793633e-02 2.273222401143062399e-01
-3.579669262164884153e-02 2.055435579355711917e-02
-1.058860687037022595e-02 4.934132757813163295e-01
-4.385286033757226226e-02 4.543028915872625306e-03
5.401049848112408208e-04 9.721323825719248024e-01
3.260545284413582379e-02 3.490309010140101031e-02
2.738364137593864850e-02 7.647666248756056218e-02
-2.458911587930467588e-02 1.116852014909676949e-01
5.612073167399277834e-02 2.804156345206304328e-04
1.425383258588131495e-02 3.565366792061481771e-01
-1.425144274081577896e-03 9.265563371369203161e-01
-5.719536533846233950e-02 2.135475882576208040e-04
-2.739160752615710584e-02 7.639104822892080204e-02
-4.364892689197982095e-02 4.734588960797853248e-03
-1.946608467381634108e-02 2.079634095580926434e-01
-1.073438741936795157e-02 4.874815613567423656e-01
-7.591741158187499281e-04 9.608369138112827779e-01
1.505602391287972166e-04 9.922301365972194809e-01
-3.310732030789847492e-03 8.304389178037747676e-01
-4.911131609677432674e-03 7.507475459511421256e-01
-2.173962394616336599e-02 1.596396130412964520e-01
1.102037221221047886e-02 4.759576946440624567e-01
-2.591388666063372190e-02 9.366158919363157254e-02
1.223600673554669366e-02 4.286789239534606333e-01
1.817477172340480757e-02 2.397383650536082378e-01
3.859838765347942818e-02 1.250817658428913376e-02
5.053008745068114649e-02 1.074052712413183820e-03
8.046608335661273315e-02 1.858116718095219815e-07
4.744639070111726468e-03 7.589309865070885674e-01
5.484774086908368596e-02 3.849045400019055906e-04
4.876558517729338849e-02 1.599297648601561306e-03
-1.527588965890907743e-02 3.231027392611295346e-01
4.666411474966499634e-02 2.528755703847795303e-03
9.737025412017399212e-03 5.288218115046579015e-01
3.234097665688311779e-02 3.640622797123119897e-02
2.625882096509282379e-02 8.937328218096805832e-02
2.559125757678630195e-02 9.782044464810281392e-02
6.731317273092188302e-02 1.308021346470293513e-05
1.531412717995766018e-02 3.218928821160492726e-01
-2.290188526303593014e-02 1.384766304699794892e-01
3.921735752545337655e-03 7.997591876623475482e-01
4.275353160742548925e-02 5.665071308390245454e-03
9.500430750529288704e-03 5.388839468414082789e-01
-5.706950016501075376e-03 7.120320002904954038e-01
-4.446625390439329362e-02 4.008402662796897546e-03
-4.358838415031956320e-02 4.792848943444426475e-03
-1.774619284165193656e-02 2.510041443598770572e-01
-6.241877003670320834e-02 5.318162744151329427e-05
-7.073861732485747789e-02 4.625102945562587398e-06
-1.791746507134871561e-02 2.464584910561062325e-01
-9.192937352096931022e-04 9.525857925433469653e-01
-3.614959307632639729e-02 1.933960291067221213e-02
2.657507712876547648e-03 8.635256958310042474e-01
3.483836475036872216e-02 2.419434458945739913e-02
-1.202490375475764005e-02 4.366877101553496843e-01
-2.065065121130058717e-02 1.816060944147516454e-01
-7.035703872939350068e-02 5.205294058893437855e-06
-9.220818877861523474e-03 5.508979728247185292e-01
4.055567076215378999e-03 7.930785346439638284e-01
-6.922664201339474854e-02 7.361593307233893249e-06
-5.805969263716469209e-02 1.709552427693995325e-04
-2.437641966847193392e-02 1.148183811505173735e-01
-7.043749684659988963e-02 5.077440388890626610e-06
-8.787460305977579100e-02 1.235554104173326784e-08
-4.433640565583247400e-02 4.116563419946288847e-03
-3.762173763669685728e-02 1.492330176611243384e-02
2.575456365626462713e-02 9.569727409889705605e-02
5.834328758494169292e-02 1.588178895419592245e-04
1.682211941631116953e-02 2.765371192964370950e-01
-1.899608181092750717e-02 2.191553939195153844e-01
-3.257677470334938152e-02 3.506347809582029823e-02
2.251234051735348865e-02 1.453145920162539351e-01
-1.498990486606654668e-02 3.322452928937887906e-01
2.735894631026144011e-02 7.674256385182771922e-02
2.735575985017405301e-02 7.677692851851797284e-02
-1.393279673207758508e-02 3.674730722486281298e-01
5.267377847446735178e-02 6.512843105945376318e-04
-5.464460403851308795e-02 4.046157273423979408e-04
-2.672324752282873722e-02 8.385064828553000227e-02
2.825035851970653794e-02 6.760999522927245431e-02
6.323928350920406116e-02 4.232371638198585847e-05
8.271413094826070289e-02 8.362213388801159260e-08
4.490518878143015535e-02 3.661602936179734775e-03
2.443855564017588175e-02 1.138960047613379184e-01
3.010647152060652240e-02 5.144757696479589776e-02
3.496502653884215467e-02 2.368326092212426001e-02
7.372672027179991150e-03 6.334541459201277203e-01
-2.285329174670336014e-02 1.393158467413822821e-01
-2.327868416836884752e-02 1.321008294946432737e-01
-1.928126998874819115e-02 2.123138634174193962e-01
1.952503418543291135e-03 8.995039503069026665e-01
4.498086720850547754e-02 3.604644062783382390e-03
-1.554673876633654202e-02 3.145966914630766165e-01
-4.521905510003727119e-02 3.430591763455467010e-03
-2.286842743211842111e-02 1.390540328548661164e-01
5.050539238500394287e-04 9.739402352208466063e-01
-3.081466227502716732e-02 4.619959422474083366e-02
-3.989607352406572549e-02 9.837055342021583729e-03
-7.213189699806524247e-02 2.988978879559151255e-06
-8.696964839495929800e-02 1.741705437058649026e-08
-6.006716249221532439e-02 1.008015491277540639e-04
-1.350899754045578431e-02 3.822263187719681099e-01
-3.113410489878720711e-02 4.398417408991475708e-02
-2.957512930103558396e-02 5.570488171838951230e-02
-4.589697448362778376e-02 2.976246656092521557e-03
-5.729494221619303718e-02 2.081759253008896252e-04
-3.481526291473520385e-02 2.428858462294260223e-02
-2.956238346068605985e-02 5.581050520279379895e-02
-2.575536027128646696e-02 9.568700829503305749e-02
-6.209614095285578839e-02 5.813464687257318938e-05
-9.440684623890877730e-03 5.414399782727932209e-01
5.716190750754483046e-02 2.153814812598939461e-04
3.721785382062119119e-02 1.603647506562744240e-02
6.222359935635106074e-03 6.873410893142055667e-01
